name: GetOrganelle
channels:
  - bioconda
  - conda-forge
  - nodefaults
  - r
  - default
  - anaconda
dependencies:
  - _libgcc_mutex=0.1=conda_forge
  - _openmp_mutex=4.5=2_gnu
  - _sysroot_linux-64_curr_repodata_hack=3=h69a702a_13
  - blast=2.14.0=pl5321h6f7f691_2
  - bowtie2=2.4.5=py36hfca12d5_3
  - bzip2=1.0.8=h7f98852_4
  - c-ares=1.11.0=h470a237_1
  - ca-certificates=2023.7.22=hbcca054_0
  - curl=7.71.1=he644dc0_8
  - entrez-direct=16.2=he881be0_1
  - getorganelle=1.7.7.0=pyh7cba7a3_0
  - gettext=0.21.1=h27087fc_0
  - gmp=6.2.1=h58526e2_0
  - gmpy2=2.1.0b5=py36h3f4d9dc_0
  - icu=69.1=h9c3ff4c_0
  - kernel-headers_linux-64=3.10.0=h4a8ded7_13
  - krb5=1.17.2=h926e7f8_0
  - ld_impl_linux-64=2.40=h41732ed_0
  - libblas=3.9.0=17_linux64_openblas
  - libcblas=3.9.0=17_linux64_openblas
  - libcurl=7.71.1=hcdd3856_8
  - libedit=3.1.20191231=he28a2e2_2
  - libev=4.33=h516909a_1
  - libffi=3.4.2=h7f98852_5
  - libgcc-ng=13.1.0=he5830b7_0
  - libgfortran-ng=13.1.0=h69a702a_0
  - libgfortran5=13.1.0=h15d22d2_0
  - libgomp=13.1.0=he5830b7_0
  - libiconv=1.17=h166bdaf_0
  - libidn2=2.3.4=h166bdaf_0
  - liblapack=3.9.0=17_linux64_openblas
  - libnghttp2=1.41.0=hab1572f_1
  - libnsl=2.0.0=h7f98852_0
  - libopenblas=0.3.23=pthreads_h80387f5_0
  - libsqlite=3.42.0=h2797004_0
  - libssh2=1.10.0=haa6b8db_3
  - libstdcxx-ng=13.1.0=hfd8a6a1_0
  - libunistring=0.9.10=h7f98852_0
  - libxml2=2.9.14=haae042b_4
  - libzlib=1.2.13=hd590300_5
  - llvm-openmp=8.0.1=hc9558a2_0
  - mpc=1.3.1=hfe3b2da_0
  - mpfr=4.2.0=hb012696_0
  - mpmath=1.3.0=pyhd8ed1ab_0
  - ncbi-vdb=3.0.6=hdbdd923_0
  - ncurses=6.4=hcb278e6_0
  - numpy=1.19.5=py36hfc0c790_2
  - openmp=8.0.1=0
  - openssl=1.1.1v=hd590300_0
  - ossuuid=1.6.2=hf484d3e_1000
  - pcre=8.45=h9c3ff4c_0
  - perl=5.26.2=h36c2ea0_1008
  - perl-app-cpanminus=1.7044=pl526_1
  - perl-archive-tar=2.32=pl526_0
  - perl-business-isbn=3.004=pl526_0
  - perl-business-isbn-data=20140910.003=pl526_0
  - perl-carp=1.38=pl526_3
  - perl-common-sense=3.74=pl526_2
  - perl-compress-raw-bzip2=2.087=pl526he1b5a44_0
  - perl-compress-raw-zlib=2.087=pl526hc9558a2_0
  - perl-constant=1.33=pl526_1
  - perl-data-dumper=2.173=pl526_0
  - perl-encode=2.88=pl526_1
  - perl-exporter=5.72=pl526_1
  - perl-exporter-tiny=1.002001=pl526_0
  - perl-extutils-makemaker=7.36=pl526_1
  - perl-file-path=2.16=pl526_0
  - perl-file-temp=0.2304=pl526_2
  - perl-io-compress=2.087=pl526he1b5a44_0
  - perl-io-zlib=1.10=pl526_2
  - perl-json=4.02=pl526_0
  - perl-json-xs=2.34=pl526h6bb024c_3
  - perl-list-moreutils=0.428=pl526_1
  - perl-list-moreutils-xs=0.428=pl526_0
  - perl-mime-base64=3.15=pl526_1
  - perl-parent=0.236=pl526_1
  - perl-pathtools=3.75=pl526h14c3975_1
  - perl-scalar-list-utils=1.52=pl526h516909a_0
  - perl-types-serialiser=1.0=pl526_2
  - perl-uri=1.76=pl526_0
  - perl-xml-libxml=2.0132=pl526h7ec2d77_1
  - perl-xml-namespacesupport=1.12=pl526_0
  - perl-xml-sax=1.02=pl526_0
  - perl-xml-sax-base=1.09=pl526_0
  - perl-xsloader=0.24=pl526_0
  - pigz=2.6=h27826a3_0
  - pip=21.3.1=pyhd8ed1ab_0
  - python=3.6.15=hb7a2778_0_cpython
  - python_abi=3.6=2_cp36m
  - readline=8.2=h8228510_1
  - requests=2.13.0=py36_0
  - scipy=1.5.3=py36h81d768a_1
  - setuptools=58.0.4=py36h5fab9bb_2
  - spades=3.15.5=h95f258a_1
  - sqlite=3.42.0=h2c6b66d_0
  - sympy=1.8=py36h5fab9bb_0
  - sysroot_linux-64=2.17=h4a8ded7_13
  - tbb=2020.2=h4bd325d_4
  - tk=8.6.12=h27826a3_0
  - wget=1.20.3=ha56f1ee_1
  - wheel=0.37.1=pyhd8ed1ab_0
  - xz=5.2.6=h166bdaf_0
  - zlib=1.2.13=hd590300_5
  - zstd=1.5.2=hfc55251_7
prefix: /home/user/mambaforge-pypy3/envs/GetOrganelle
