name: getorganelletest
channels:
  - bioconda
  - conda-forge
  - defaults
  - r
  - default
  - anaconda
dependencies:
  - _libgcc_mutex=0.1=conda_forge
  - _openmp_mutex=4.5=2_gnu
  - blast=2.15.0=pl5321h6f7f691_1
  - bowtie2=2.5.1=py37hb24965f_0
  - bzip2=1.0.8=hd590300_5
  - ca-certificates=2023.11.17=hbcca054_0
  - curl=7.64.0=h646f8bb_0
  - entrez-direct=16.2=he881be0_0
  - getorganelle=1.6.4=pypl526_1
  - gmp=6.3.0=h59595ed_0
  - gmpy2=2.1.2=py37h025e8b9_0
  - icu=70.1=h27087fc_0
  - krb5=1.16.3=hc83ff2d_1000
  - libblas=3.9.0=20_linux64_openblas
  - libcblas=3.9.0=20_linux64_openblas
  - libcurl=7.64.0=h01ee5af_0
  - libedit=3.1.20191231=he28a2e2_2
  - libffi=3.2.1=he1b5a44_1007
  - libgcc-ng=13.2.0=h807b86a_3
  - libgfortran-ng=13.2.0=h69a702a_3
  - libgfortran5=13.2.0=ha4646dd_3
  - libgomp=13.2.0=h807b86a_3
  - libhwloc=2.8.0=h32351e8_1
  - libiconv=1.17=h166bdaf_0
  - liblapack=3.9.0=20_linux64_openblas
  - libopenblas=0.3.25=pthreads_h413a1c8_0
  - libsqlite=3.44.1=h2797004_0
  - libssh2=1.8.0=h1ad7b7a_1003
  - libstdcxx-ng=13.2.0=h7e041cc_3
  - libxml2=2.9.14=h22db469_4
  - libzlib=1.2.13=hd590300_5
  - mpc=1.3.1=hfe3b2da_0
  - mpfr=4.2.1=h9458935_0
  - mpmath=1.3.0=pyhd8ed1ab_0
  - ncbi-vdb=3.0.8=hdbdd923_0
  - ncurses=6.4=h59595ed_2
  - numpy=1.21.6=py37h976b520_0
  - openssl=1.0.2u=h516909a_0
  - ossuuid=1.6.2=hf484d3e_1000
  - pcre=8.45=h9c3ff4c_0
  - perl=5.26.2=h36c2ea0_1008
  - perl-app-cpanminus=1.7044=pl526_1
  - perl-archive-tar=2.32=pl526_0
  - perl-business-isbn=3.004=pl526_0
  - perl-business-isbn-data=20140910.003=pl526_0
  - perl-carp=1.38=pl526_3
  - perl-common-sense=3.74=pl526_2
  - perl-compress-raw-bzip2=2.087=pl526he1b5a44_0
  - perl-compress-raw-zlib=2.087=pl526hc9558a2_0
  - perl-constant=1.33=pl526_1
  - perl-data-dumper=2.173=pl526_0
  - perl-encode=2.88=pl526_1
  - perl-exporter=5.72=pl526_1
  - perl-exporter-tiny=1.002001=pl526_0
  - perl-extutils-makemaker=7.36=pl526_1
  - perl-file-path=2.16=pl526_0
  - perl-file-temp=0.2304=pl526_2
  - perl-io-compress=2.087=pl526he1b5a44_0
  - perl-io-zlib=1.10=pl526_2
  - perl-json=4.02=pl526_0
  - perl-json-xs=2.34=pl526h6bb024c_3
  - perl-list-moreutils=0.428=pl526_1
  - perl-list-moreutils-xs=0.428=pl526_0
  - perl-mime-base64=3.15=pl526_1
  - perl-parent=0.236=pl526_1
  - perl-pathtools=3.75=pl526h14c3975_1
  - perl-scalar-list-utils=1.52=pl526h516909a_0
  - perl-types-serialiser=1.0=pl526_2
  - perl-uri=1.76=pl526_0
  - perl-xml-libxml=2.0132=pl526h7ec2d77_1
  - perl-xml-namespacesupport=1.12=pl526_0
  - perl-xml-sax=1.02=pl526_0
  - perl-xml-sax-base=1.09=pl526_0
  - perl-xsloader=0.24=pl526_0
  - pigz=2.8=h2797004_0
  - pip=23.3.1=pyhd8ed1ab_0
  - python=3.7.0=hd21baee_1006
  - python_abi=3.7=2_cp37m
  - readline=7.0=hf8c457e_1001
  - scipy=1.7.3=py37hf2a6cf1_0
  - setuptools=68.2.2=pyhd8ed1ab_0
  - spades=3.13.0=0
  - sqlite=3.28.0=h8b20d00_0
  - sympy=1.10.1=py37h89c1867_1
  - tbb=2021.7.0=h924138e_1
  - tk=8.6.13=noxft_h4845f30_101
  - wheel=0.41.3=pyhd8ed1ab_0
  - xz=5.2.6=h166bdaf_0
  - zlib=1.2.13=hd590300_5
  - zstd=1.5.5=hfc55251_0
prefix: /home/sjannalda/mambaforge-pypy3/envs/getorganelletest
